1.000000e-01	9.928351e-01	7.128677e-02
2.000000e-01	9.857711e-01	7.098945e-02
3.000000e-01	9.787368e-01	7.069578e-02
4.000000e-01	9.717316e-01	7.040576e-02
5.000000e-01	9.647552e-01	7.011939e-02
6.000000e-01	9.578073e-01	6.983669e-02
7.000000e-01	9.508875e-01	6.955767e-02
8.000000e-01	9.439953e-01	6.928233e-02
9.000000e-01	9.371306e-01	6.901069e-02
1.000000e+00	9.302928e-01	6.874275e-02
1.100000e+00	9.234816e-01	6.847853e-02
1.200000e+00	9.166967e-01	6.821803e-02
1.300000e+00	9.099377e-01	6.796128e-02
1.400000e+00	9.032041e-01	6.770828e-02
1.500000e+00	8.964956e-01	6.745904e-02
1.600000e+00	8.898119e-01	6.721359e-02
1.700000e+00	8.831525e-01	6.697193e-02
1.800000e+00	8.765172e-01	6.673409e-02
1.900000e+00	8.699054e-01	6.650008e-02
2.000000e+00	8.633168e-01	6.626991e-02
2.100000e+00	8.567510e-01	6.604362e-02
2.200000e+00	8.502077e-01	6.582120e-02
2.300000e+00	8.436864e-01	6.560270e-02
2.400000e+00	8.371868e-01	6.538812e-02
2.500000e+00	8.307085e-01	6.517750e-02
2.600000e+00	8.242510e-01	6.497084e-02
2.700000e+00	8.178140e-01	6.476819e-02
2.800000e+00	8.113970e-01	6.456956e-02
2.900000e+00	8.049997e-01	6.437498e-02
3.000000e+00	7.986217e-01	6.418447e-02
3.100000e+00	7.922625e-01	6.399808e-02
3.200000e+00	7.859217e-01	6.381582e-02
3.300000e+00	7.795990e-01	6.363773e-02
3.400000e+00	7.732939e-01	6.346384e-02
3.500000e+00	7.670059e-01	6.329418e-02
3.600000e+00	7.607347e-01	6.312880e-02
3.700000e+00	7.544799e-01	6.296772e-02
3.800000e+00	7.482409e-01	6.281100e-02
3.900000e+00	7.420174e-01	6.265865e-02
4.000000e+00	7.358089e-01	6.251074e-02
4.100000e+00	7.296149e-01	6.236729e-02
4.200000e+00	7.234351e-01	6.222837e-02
4.300000e+00	7.172690e-01	6.209400e-02
4.400000e+00	7.111160e-01	6.196425e-02
4.500000e+00	7.049758e-01	6.183917e-02
4.600000e+00	6.988479e-01	6.171880e-02
4.700000e+00	6.927318e-01	6.160321e-02
4.800000e+00	6.866270e-01	6.149244e-02
4.900000e+00	6.805330e-01	6.138657e-02
5.000000e+00	6.744494e-01	6.128565e-02
5.100000e+00	6.683756e-01	6.118975e-02
5.200000e+00	6.623112e-01	6.109894e-02
5.300000e+00	6.562556e-01	6.101328e-02
5.400000e+00	6.502083e-01	6.093286e-02
5.500000e+00	6.441688e-01	6.085775e-02
5.600000e+00	6.381365e-01	6.078802e-02
5.700000e+00	6.321109e-01	6.072377e-02
5.800000e+00	6.260915e-01	6.066509e-02
5.900000e+00	6.200776e-01	6.061205e-02
6.000000e+00	6.140688e-01	6.056477e-02
6.100000e+00	6.080644e-01	6.052333e-02
6.200000e+00	6.020639e-01	6.048784e-02
6.300000e+00	5.960666e-01	6.045842e-02
6.400000e+00	5.900720e-01	6.043518e-02
6.500000e+00	5.840794e-01	6.041823e-02
6.600000e+00	5.780881e-01	6.040770e-02
6.700000e+00	5.720976e-01	6.040372e-02
6.800000e+00	5.661072e-01	6.040643e-02
6.900000e+00	5.601161e-01	6.041598e-02
7.000000e+00	5.541237e-01	6.043251e-02
7.100000e+00	5.481294e-01	6.045618e-02
7.200000e+00	5.421323e-01	6.048717e-02
7.300000e+00	5.361317e-01	6.052563e-02
7.400000e+00	5.301270e-01	6.057177e-02
7.500000e+00	5.241172e-01	6.062577e-02
7.600000e+00	5.181016e-01	6.068783e-02
7.700000e+00	5.120794e-01	6.075817e-02
7.800000e+00	5.060497e-01	6.083702e-02
7.900000e+00	5.000118e-01	6.092462e-02
8.000000e+00	4.939646e-01	6.102121e-02
8.100000e+00	4.879073e-01	6.112707e-02
8.200000e+00	4.818390e-01	6.124248e-02
8.300000e+00	4.757586e-01	6.136773e-02
8.400000e+00	4.696652e-01	6.150315e-02
8.500000e+00	4.635578e-01	6.164906e-02
8.600000e+00	4.574352e-01	6.180583e-02
8.700000e+00	4.512964e-01	6.197383e-02
8.800000e+00	4.451402e-01	6.215347e-02
8.900000e+00	4.389655e-01	6.234518e-02
9.000000e+00	4.327710e-01	6.254941e-02
9.100000e+00	4.265554e-01	6.276666e-02
9.200000e+00	4.203174e-01	6.299746e-02
9.300000e+00	4.140557e-01	6.324235e-02
9.400000e+00	4.077687e-01	6.350195e-02
9.500000e+00	4.014550e-01	6.377690e-02
9.600000e+00	3.951131e-01	6.406790e-02
9.700000e+00	3.887412e-01	6.437569e-02
9.800000e+00	3.823377e-01	6.470109e-02
9.900000e+00	3.759007e-01	6.504497e-02
1.000000e+01	3.694284e-01	6.540827e-02
1.010000e+01	3.629187e-01	6.579203e-02
1.020000e+01	3.563697e-01	6.619737e-02
1.030000e+01	3.497789e-01	6.662550e-02
1.040000e+01	3.431442e-01	6.707776e-02
1.050000e+01	3.364630e-01	6.755561e-02
1.060000e+01	3.297326e-01	6.806065e-02
1.070000e+01	3.229504e-01	6.859465e-02
1.080000e+01	3.161132e-01	6.915956e-02
1.090000e+01	3.092180e-01	6.975754e-02
1.100000e+01	3.022612e-01	7.039100e-02
1.110000e+01	2.952391e-01	7.106261e-02
1.120000e+01	2.881480e-01	7.177537e-02
1.130000e+01	2.809833e-01	7.253267e-02
1.140000e+01	2.737406e-01	7.333830e-02
1.150000e+01	2.664147e-01	7.419658e-02
1.160000e+01	2.590003e-01	7.511245e-02
1.170000e+01	2.514911e-01	7.609155e-02
1.180000e+01	2.438806e-01	7.714039e-02
1.190000e+01	2.361615e-01	7.826652e-02
1.200000e+01	2.283256e-01	7.947876e-02
1.210000e+01	2.203638e-01	8.078752e-02
1.220000e+01	2.122659e-01	8.220514e-02
1.230000e+01	2.040202e-01	8.374644e-02
1.240000e+01	1.956135e-01	8.542935e-02
1.250000e+01	1.870306e-01	8.727587e-02
1.260000e+01	1.782539e-01	8.931337e-02
1.270000e+01	1.692626e-01	9.157636e-02
1.280000e+01	1.600320e-01	9.410917e-02
1.290000e+01	1.505325e-01	9.696997e-02
1.300000e+01	1.407276e-01	1.002369e-01
1.310000e+01	1.305716e-01	1.040180e-01
1.320000e+01	1.200059e-01	1.084681e-01
1.330000e+01	1.089530e-01	1.138195e-01
1.340000e+01	9.730593e-02	1.204403e-01
1.350000e+01	8.490970e-02	1.289613e-01
1.360000e+01	7.152170e-02	1.405863e-01
1.370000e+01	5.671758e-02	1.580301e-01
1.380000e+01	3.959449e-02	1.895433e-01
1.390000e+01	1.706822e-02	2.911161e-01
